;Exported by: Normand
;Date:        Fri Apr 25 10:56:03 2014
;File:        C:\Users\Normand\opel2_halftrack.max
{Skeleton
	{animation
		{sequence "doorright" {speed 0.2}}
		{sequence "doorleft" {speed 0.2}}
		{sequence "start" {speed 0.3}}
		{sequence "stop" {speed 0.3}}
	}
	{bone "basis"
		{parameters "SteerMax=30;WheelRadius=0.3;"}
		{Orientation
			1	0	0
			0	-1	0
			0	0	1
		}
		{bone "link2"
			{Matrix34
				-0.999932	0.011645	-0.000228861
				-0.000150038	0.00676924	0.999977
				0.0116462	0.999909	-0.00676702
				-51.6761	0.153481	15.3629
			}
		}
		{bone "emit1"
			{Matrix34
				0.00884067	-0.999951	0.00447319
				0.999961	0.00884065	-2.38416e-005
				-1.57055e-005	0.00447323	0.99999
				23.7592	25.4121	0.000667108
			}
		}
		{bone "emit2"
			{Matrix34
				-0.00400451	0.999992	0
				-0.999982	-0.00400447	-0.00445746
				-0.00445742	-1.78499e-005	0.99999
				23.1086	-27.3296	0.235885
			}
		}
		{bone "emit4"
			{Matrix34
				1	0	0
				0	0.99999	-0.00447319
				0	0.00447319	0.99999
				-78.6577	-12.5746	-0.0625128
			}
		}
		{bone "emit3"
			{Matrix34
				1	0	0
				0	0.99999	-0.00447319
				0	0.00447319	0.99999
				-78.2593	13.6999	-0.180043
			}
		}
		{bone "pivot_front"
			{parameters "ID=body;"}
			{Matrix34
				0.999996	1.20831e-005	0.00266218
				0	0.99999	-0.00447318
				-0.00266221	0.00447316	0.999986
				47.5824	0.0544341	9.37555
			}
			{VolumeView "pivot_front.ply"}
			{bone revolute "steer_l1"
				{Matrix34
					-0.999991	0.00412393	-0.000992418
					0.0041204	0.999985	0.00354134
					-0.00100681	-0.00353722	0.999993
					0.0644989	13.8127	-0.0622644
				}
				{bone revolute "wheelleft1"
					{parameters "ID=wheel1;Support=1;Radius=0.4;"}
					{Matrix34
						0.999985	-0.00411077	0.00366926
						-0.00365466	0.00355221	0.999987
						-0.00412376	-0.999985	0.00353714
						0.0599747	1.9487	0.0899076
					}
					{VolumeView "wheelleft1.ply"}
				}
				{bone "fxtracel1"
					{Matrix34
						0.999985	-0.00411092	0.00366918
						-0.00412392	-0.999985	0.00353825
						-0.00365441	0.00355333	0.999987
						0.0386429	2.10429	-9.32104
					}
				}
			}
			{bone revolute "steer_r1"
				{Matrix34
					-0.999971	-0.00721071	0.00226481
					-0.0071838	0.999906	0.0116761
					0.00234903	-0.0116594	0.999929
					0.0723534	-13.4817	-0.0633755
				}
				{bone revolute "wheelright1"
					{parameters "ID=wheel1;Support=1;Radius=0.4;"}
					{Matrix34
						0.999974	0.00721511	0.00031313
						-0.000397224	0.0116568	0.999932
						-0.00721097	0.999906	-0.0116594
						0.0759048	-2.13787	0.122661
					}
					{VolumeView "wheelright1.ply"}
				}
				{bone "fxtracer1"
					{Matrix34
						0.999974	0.00721504	0.000313252
						0.00721091	-0.999906	0.0116605
						-0.000397095	0.0116579	0.999932
						0.134743	-2.29875	-9.28631
					}
				}
			}
		}
		{bone "pivot_back"
			{parameters "ID=body;"}
			{Matrix34
				0.999996	1.20831e-005	0.00266218
				0	0.99999	-0.00447318
				-0.00266221	0.00447316	0.999986
				9.29697	0.404422	10.9094
			}
			{VolumeView "pivot_back.ply"}
			{bone "wheelsR"
				{parameters "ID=trackright;"}
				{Matrix34
					0.999993	0.00252205	-0.0026622
					-0.00252204	0.999997	0
					0.00266221	0	0.999996
					-28.6711	-0.24026	2.02358
				}
				{VolumeView "wheelsr.ply"}
				{bone "trackR"
					{parameters "ID=trackright;"}
					{Matrix34
						0.999977	-0.00673403	0
						0.00673403	0.999977	0
						0	0	1
						0.157913	-0.000472337	-6.34845
					}
					{VolumeView "trackr.ply"}
				}
				{bone "fxtracer2"
					{Matrix34
						-1	0.000122222	0
						-0.000122221	-1	0
						0	0	1
						18.1905	-17.3194	-12.8196
					}
				}
				{bone revolute "wheelr4"
					{parameters "ID=trackright;"}
					{Matrix34
						-0.999997	0.00252214	0
						0	0	1
						0.00252214	0.999997	0
						18.2694	-17.5657	-6.56309
					}
					{VolumeView "wheelr4.ply"}
				}
				{bone revolute "wheelr5"
					{parameters "ID=trackright;"}
					{Matrix34
						-0.999997	0.00252214	0
						0	0	1
						0.00252214	0.999997	0
						5.663	-17.534	-6.56311
					}
					{VolumeView "wheelr5.ply"}
				}
				{bone revolute "wheelr6"
					{parameters "ID=trackright;"}
					{Matrix34
						-0.999997	0.00252214	0
						0	0	1
						0.00252214	0.999997	0
						-5.70953	-17.5053	-6.56312
					}
					{VolumeView "wheelr6.ply"}
				}
				{bone revolute "wheelr7"
					{parameters "ID=trackright;"}
					{Matrix34
						-0.999997	0.00252214	0
						0	0	1
						0.00252214	0.999997	0
						-18.4197	-17.4734	-6.56314
					}
					{VolumeView "wheelr7.ply"}
				}
			}
			{bone "wheelsL"
				{parameters "ID=trackleft;"}
				{Matrix34
					0.999993	0.00252205	-0.0026622
					-0.00252204	0.999997	0
					0.00266221	0	0.999996
					-28.6711	-0.24026	2.02358
				}
				{VolumeView "wheelsl.ply"}
				{bone "trackL"
					{parameters "ID=trackleft;"}
					{Matrix34
						0.999977	-0.00673403	0
						0.00673403	0.999977	0
						0	0	1
						0.157913	-0.000472337	-6.34845
					}
					{VolumeView "trackl.ply"}
				}
				{bone "fxtracel2"
					{Matrix34
						-1	0.000122222	0
						-0.000122221	-1	0
						0	0	1
						18.2771	16.9788	-12.8196
					}
				}
				{bone revolute "wheell7"
					{parameters "ID=trackleft;"}
					{Matrix34
						-0.999997	0.00252706	0
						0	0	1
						-0.00252706	-0.999997	0
						-18.3318	17.4474	-6.56309
					}
					{VolumeView "wheell7.ply"}
				}
				{bone revolute "wheell6"
					{parameters "ID=trackleft;"}
					{Matrix34
						-0.999997	0.00252706	0
						0	0	1
						-0.00252706	-0.999997	0
						-5.62148	17.4153	-6.56307
					}
					{VolumeView "wheell6.ply"}
				}
				{bone revolute "wheell5"
					{parameters "ID=trackleft;"}
					{Matrix34
						-0.999997	0.00252706	0
						0	0	1
						-0.00252706	-0.999997	0
						5.75113	17.3867	-6.56307
					}
					{VolumeView "wheell5.ply"}
				}
				{bone revolute "wheell4"
					{parameters "ID=trackleft;"}
					{Matrix34
						-0.999997	0.00252706	0
						0	0	1
						-0.00252706	-0.999997	0
						18.3576	17.3551	-6.56305
					}
					{VolumeView "wheell4.ply"}
				}
			}
		}
		{bone "body"
			{parameters "ID=body;"}
			{animation
				{sequence "repair" {file "body_r.anm"}}
			}
			{Matrix34
				0.999996	1.25726e-005	0.00266218
				0	0.99999	-0.00447318
				-0.00266221	0.00447316	0.999986
				7.22851	-0.350908	12.6209
			}
			{VolumeView "body.ply"}
			{bone "body_back"
				{parameters "ID=body;"}
				{Matrix34
					1	0	0
					0	1	0
					0	0	1
					-27.2422	0.602891	17.7275
				}
				{VolumeView "body_back.ply"}
				{bone "shield"
					{parameters "CommonMesh;ID=shield;"}
					{Position 3.02252	0.250019	13.6419}
					{VolumeView "shield.ply"}
				}
				{bone "fxstop1"
					{Matrix34
						-0.999999	0.00109014	0.00042504
						-0.00108053	-0.999751	0.0222871
						0.000449238	0.0222866	0.999752
						-30.5392	15.8254	-17.8287
					}
				}
				{bone "fxstop2"
					{Matrix34
						-0.999938	-0.00319596	0.0106733
						0.00343154	-0.999749	0.0221396
						0.0105999	0.0221749	0.999698
						-30.3437	-16.7771	-12.3553
					}
				}
				{bone "seat01"
					{Matrix34
						-0.0233323	-0.999699	-0.00763612
						0.999719	-0.0233639	0.00406629
						-0.00424356	-0.00753909	0.999963
						25.3398	6.88704	-8.68812
					}
				}
				{bone "seat02"
					{Matrix34
						0.00784574	0.999941	0.00751773
						-0.99996	0.00787743	-0.00418485
						-0.00424369	-0.00748462	0.999963
						25.1167	-9.05673	-8.80916
					}
				}
				{bone "seat03"
					{Matrix34
						-0.00946684	-0.999927	-0.00749493
						0.999946	-0.00949838	0.00417261
						-0.0042436	-0.00745501	0.999963
						13.1071	7.30421	-8.73681
					}
				}
				{bone "seat04"
					{Matrix34
						-0.00478487	0.999959	0.00769322
						-0.99998	-0.00475195	-0.00428084
						-0.00424405	-0.00771354	0.999961
						12.7151	-9.02401	-8.86161
					}
				}
				{bone "seat05"
					{Matrix34
						-0.00512664	0.999957	0.00769798
						-0.999978	-0.00509366	-0.00428351
						-0.00424404	-0.00771977	0.999961
						0.19293	-8.96379	-8.91419
					}
				}
				{bone "seat06"
					{Matrix34
						-0.00766927	-0.999942	-0.00752006
						0.999962	-0.00770099	0.00418598
						-0.0042437	-0.00748766	0.999963
						0.787319	7.17204	-8.79005
					}
				}
				{bone "seat07"
					{Matrix34
						-0.00738367	-0.999944	-0.00752406
						0.999964	-0.00741539	0.00418837
						-0.00424403	-0.00749285	0.999963
						-11.1454	7.51882	-8.83812
					}
				}
				{bone "seat08"
					{Matrix34
						-0.00531368	0.999956	0.00770132
						-0.999977	-0.00528066	-0.00428492
						-0.00424401	-0.00772392	0.999961
						-10.7881	-8.90754	-8.96043
					}
				}
				{bone "seat09"
					{Matrix34
						-0.00662364	-0.99995	-0.00753467
						0.999969	-0.00665547	0.00419412
						-0.0042441	-0.00750664	0.999963
						-24.6523	7.41667	-8.89618
					}
				}
				{bone "seat10"
					{Matrix34
						-0.00487691	0.999959	0.00769465
						-0.999979	-0.00484397	-0.00428158
						-0.00424402	-0.00771537	0.999961
						-24.8855	-8.85581	-9.01985
					}
				}
			}
			{bone "detail2"
				{parameters "ID=body;"}
				{Matrix34
					0.99661	-0.0822762	0
					0.0822762	0.99661	0
					0	0	1
					38.9872	-11.8729	10.6181
				}
				{VolumeView "detail2.ply"}
			}
			{bone "fxsmoke"
				{Matrix34
					-0.370469	0.928747	0.0134726
					-0.9288	-0.370554	0.00444276
					0.00911858	-0.0108675	0.999899
					-49.3976	17.7069	-0.749441
				}
			}
			{bone "engine_body"
				{parameters "ID=engine;"}
				{Matrix34
					0	-1	0
					-0.0347085	0	0.999398
					-0.999397	0	-0.0347085
					44.9646	0.473573	4.16466
				}
				{VolumeView "engine_body.ply"}
				{bone revolute "vent"
					{parameters "ID=engine;"}
					{Position 0.0460449	5.38809	-1.97368}
					{VolumeView "vent.ply"}
				}
			}
			{bone "engine"
				{parameters "ID=engine;"}
				{animation
					{sequence "repair" {file "engine_r.anm"}}
				}
				{Matrix34
					0.0349191	0	0.99939
					0	1	0
					-0.99939	0	0.0349192
					39.1501	0.488235	18.2681
				}
				{VolumeView "engine.ply"}
				{bone "engine_hatchr"
					{parameters "ID=engine;"}
					{Matrix34
						0.999995	0	-0.00321624
						0	1	0
						0.00321627	0	0.999995
						-0.0105133	-1.7688	-0.574409
					}
					{VolumeView "engine_hatchr.ply"}
				}
				{bone "detail6"
					{Matrix34
						0.0322585	0	-0.99948
						0	1	0
						0.99948	0	0.0322585
						-1.11079	1.47675	30.702
					}
				}
				{bone "fxfire1"
					{Matrix34
						0.0322585	0	-0.99948
						0	1	0
						0.99948	0	0.0322585
						-6.70472	-0.0974202	-1.66891
					}
				}
			}
			{bone "cabin"
				{parameters "ID=cabin;"}
				{animation
					{sequence "repair" {file "cabin_r.anm"}}
				}
				{Matrix34
					0.999996	0	-0.00266221
					0	1	0
					0.00266221	0	0.999997
					8.42817	1.96501	18.2302
				}
				{VolumeView "cabin.ply"}
				{bone "doorr"
					{parameters "ID=cabin;"}
					{Position 19.5253	-15.8086	4.76837e-005}
					{VolumeView "doorr.ply"}
					{bone "glass_doorr"
						{parameters "ID=glass;"}
						{Matrix34
							0.987084	0.159802	-0.0113251
							-0.000672176	0.0748229	0.997197
							0.160202	-0.984309	0.0739638
							-9.97938	-0.745502	4.55403
						}
						{VolumeView "glass_doorr.ply"}
					}
				}
				{bone "doorl"
					{parameters "ID=cabin;"}
					{Position 19.2701	12.6565	8.01086e-005}
					{VolumeView "doorl.ply"}
					{bone "glass_doorl"
						{parameters "ID=glass;"}
						{Matrix34
							0.987083	-0.159807	-0.0113255
							-0.000672597	-0.074825	0.997196
							0.160207	0.984308	0.073966
							-9.82023	0.679925	4.55403
						}
						{VolumeView "glass_doorl.ply"}
					}
				}
				{bone "glass_back"
					{parameters "ID=glass;"}
					{Matrix34
						0	-1	0
						0.0138965	0	0.999904
						-0.999903	0	0.0138964
						1.60321	-1.72081	5.34487
					}
					{VolumeView "glass_back.ply"}
				}
				{bone "glass_front"
					{parameters "ID=glass;"}
					{Matrix34
						0	-1	0
						-0.443718	0	0.896166
						-0.896167	0	-0.443718
						17.7294	-1.5325	4.19857
					}
					{VolumeView "glass_front.ply"}
				}
				{bone "driver"
					{Matrix34
						1	-1.14433e-005	0
						1.14431e-005	1	0
						0	0	1
						7.85522	6.09512	-17.1808
					}
				}
				{bone "commander"
					{Matrix34
						1	-1.14433e-005	0
						1.14431e-005	1	0
						0	0	1
						7.77195	-7.95974	-17.1951
					}
				}
			}
			{bone "detail7"
				{parameters "ID=body;"}
				{Matrix34
					0.999996	0	-0.00266221
					0	1	0
					0.00266221	0	0.999997
					8.42817	1.96501	18.2302
				}
				{VolumeView "detail7.ply"}
			}
			{bone "visor"
				{Matrix34
					0.999968	-0.00138984	-0.00787011
					-0.00145588	-0.999964	-0.00839184
					0.00785819	-0.00840298	0.999934
					29.605	8.52741	26.0758
				}
			}
			{bone "fenderr"
				{parameters "ID=body;"}
				{Matrix34
					0.999996	0	-0.00266185
					0	-1	0
					0.00266185	0	0.999996
					8.42813	-0.896862	18.2299
				}
				{VolumeView "fenderr.ply"}
			}
			{bone "fenderl"
				{parameters "ID=body;"}
				{Matrix34
					0.999996	0	-0.00266185
					0	1	0
					0.00266185	0	0.999997
					8.42814	1.97231	18.2299
				}
				{VolumeView "fenderl.ply"}
			}
			{bone "headlightr"
				{Matrix34
					0.999911	0.00383581	0.0127814
					0.00388273	-0.999986	-0.00364439
					-0.0127672	-0.00369359	0.999912
					49.8166	-13.264	9.39003
				}
			}
			{bone "headlightl"
				{Matrix34
					0.999943	0.0038296	0.00994886
					0.00386608	-0.999986	-0.00363251
					-0.00993482	-0.00367066	0.999944
					49.8519	14.4694	9.32085
				}
			}
			{bone "fxlight"
				{Matrix34
					0.999996	0	-0.00266221
					0	1	0
					0.00266221	0	0.999997
					48.7279	0.282626	19.101
				}
			}
			{bone revolute "wheelr2"
				{parameters "ID=trackright;"}
				{Matrix34
					-0.999995	0.00179281	0.00266218
					0.00266475	0.00143258	0.999995
					0.00178899	0.999997	-0.00143734
					1.9844	-0.00240162	-1.894
				}
				{VolumeView "wheelr2.ply"}
			}
			{bone revolute "wheell2"
				{parameters "ID=trackleft;"}
				{Matrix34
					-0.999995	0.00179257	0.00266218
					0.00266475	0.00143254	0.999995
					0.00178875	0.999997	-0.00143736
					1.9844	-0.00240383	-1.894
				}
				{VolumeView "wheell2.ply"}
			}
			{bone revolute "wheelr3"
				{parameters "ID=trackright;"}
				{Matrix34
					-0.999968	0	0.00798655
					0.00798655	0	0.999968
					0	-1	0
					-56.3354	-16.9972	-2.65626
				}
				{VolumeView "wheelr3.ply"}
			}
			{bone revolute "wheell3"
				{parameters "ID=trackleft;"}
				{Matrix34
					-0.999997	0	-0.00266185
					-0.00266185	0	0.999997
					0	-1	0
					-56.3352	17.9239	-2.65622
				}
				{VolumeView "wheell3.ply"}
			}
		}
	}
}
{Volume "body_back"
	{Box 72.5 19 41.7}
	{Bone "body_back"}
	{Matrix34
		0.951101	-0.00448303	0.00400241
		-0.00403615	-0.00717199	0.951085
		-0.00445279	-0.951083	-0.00719083
		0.0821376	-0.792196	-1.1504
	}
}
{Volume "body"
	{Box 113 3.3 19}
	{Bone "body"}
	{Matrix34
		0.951052	-0.0112046	-0.00204134
		0.0020514	0.000842659	0.951118
		-0.0112028	-0.951054	0.000866764
		-2.04887	0.373787	1.80217
	}
}
{Volume "cabin"
	{Polyhedron "cabin.vol"}
	{Bone "cabin"}
	{Matrix34
		1	0	0
		0	1	0
		0	0	1
		11.802	-1.52852	-14.4065
	}
}
{Volume "engine"
	{Polyhedron "engine.vol"}
	{Bone "engine"}
	{Matrix34
		0.0322585	0	-0.99948
		0	1	0
		0.99948	0	0.0322585
		-14.439	-0.204984	-2.64008
	}
}
{Volume "glass_back"
	{Box 12.5 4.3 0.25}
	{Bone "glass_back"}
	{Matrix34
		0.999999	0	0
		0	0.999995	-0.00326639
		0	0.00326627	0.999995
		0.0158062	-0.0653457	-0.0813281
	}
}
{Volume "glass_doorl"
	{Polyhedron "glass_doorl.vol"}
	{Bone "glass_doorl"}
	{Matrix34
		0.999992	-0.000892632	0.00391052
		0.00086612	0.999977	0.00677636
		-0.00391651	-0.00677292	0.999969
		0.473442	-0.067028	-0.131548
	}
}
{Volume "glass_doorr"
	{Polyhedron "glass_doorr.vol"}
	{Bone "glass_doorr"}
	{Matrix34
		0.999992	-0.000892644	0.00391074
		0.000866107	0.999977	0.0067763
		-0.00391629	-0.00677299	0.999969
		0.473444	-0.0670204	-0.131548
	}
}
{Volume "glass_front"
	{Box 27.25 9.5 0.25}
	{Bone "glass_front"}
	{Matrix34
		0.999999	0	0
		0	1	0.000300795
		0	-0.00030002	1
		-0.0892982	0.0067126	0.0126305
	}
}
{Volume "shield"
	{Box 72 22.5 41}
	{Bone "shield"}
	{Matrix34
		0.951018	-0.00448295	-0.013273
		0.0132385	-0.00725349	0.951001
		-0.004584	-0.951082	-0.00719012
		-3.09392	-1.05905	-1.33527
	}
}
{Volume "trackleft"
	{Box 70 7.5 16}
	{Bone "wheelsl"}
	{Matrix34
		0.999997	-0.00252199	0
		0.00252199	0.999997	0
		0	0	1
		-0.351634	17.071	-4.8196
	}
}
{Volume "trackright"
	{Box 70 7.5 16}
	{Bone "wheelsr"}
	{Matrix34
		0.999997	-0.00252199	0
		0.00252199	0.999997	0
		0	0	1
		-0.35644	-17.1948	-4.8196
	}
}
{Volume "wheelleft1"
	{Cylinder 9.8 4.5}
	{Bone "wheelleft1"}
	{Matrix34
		-1	0	0
		0	1	0
		0	0	1
		-0.1064	-0.0629968	0.0652802
	}
}
{Volume "wheelright1"
	{Cylinder 9.8 4.5}
	{Bone "wheelright1"}
	{Matrix34
		-1	0	0
		0	1	0
		0	0	-1
		-0.0873799	0.0792886	-0.0871871
	}
}
